89.8305
1.64835
53.3898
0.549451
25.4237
8.79121
11.0169
26.9231
31.3559
42.8571
63.5593
48.3517
90.678
57.6923
100
77.4725
83.0508
92.3077
40.678
100
44.7368
4.7619
19.4737
16.6667
1.57895
37.5
3.15789
73.2143
24.7368
95.2381
56.3158
100
84.2105
88.6905
99.4737
61.9048
94.2105
26.7857
61.5789
3.57143
50.6803
97.0711
69.7279
87.0293
88.4354
76.1506
99.3197
57.7406
97.9592
30.1255
86.7347
10.4603
61.2245
0
25.8503
10.8787
0.340136
46.4435
23.8095
89.9582
6.62252
0
6.62252
14.2857
4.63576
28.5714
2.64901
42.3469
0.662252
55.6122
0
69.3878
0
83.6735
0
97.9592
25.1656
98.9796
67.5497
100
84.1379
0.471698
56.5517
1.41509
31.0345
8.01887
15.1724
19.8113
6.2069
37.2641
0
57.0755
2.75862
75
17.2414
92.4528
42.069
100
71.7241
100
38.2609
0
34.7826
16.1677
27.8261
30.5389
20
44.9102
14.7826
60.479
8.69565
75.4491
1.73913
89.2216
10.4348
99.4012
39.1304
99.4012
71.3043
100
100
0
66.6667
9.55056
33.3333
19.1011
0
28.6517
0
38.2022
0
47.7528
0
57.3034
0
66.8539
33.3333
76.4045
33.3333
85.9551
78.2051
0
53.2051
5.29801
29.4872
15.2318
9.61539
37.7483
0
64.2384
9.61539
88.7417
39.1026
99.3378
78.8462
96.0265
100
76.1589
86.5385
59.6026
12.8205
0
47.4359
0
82.0513
0
100
9.84848
100
30.303
98.7179
50
97.4359
69.697
88.4615
87.1212
67.9487
96.9697
34.6154
100
0
98.8095
1.29032
71.4286
7.09677
43.4524
11.6129
17.8571
17.4194
16.6667
26.4516
43.4524
38.0645
55.3571
63.2258
27.9762
94.8387
2.38095
99.3548
41.0714
8.69565
100
6.52174
73.301
5.43478
45.6311
1.08696
19.9029
2.17391
7.28155
25
34.9515
55.4348
64.5631
72.8261
86.4078
91.3044
81.068
100
34.466
0
94.3723
0.961538
69.697
2.88462
45.4545
10.5769
22.5108
20.1923
1.2987
69.2308
4.7619
99.0385
22.5108
82.6923
41.9913
23.0769
44.1558
51.9231
73.5931
0
8.06452
1.5748
30.1075
3.14961
53.2258
12.5984
75.2688
29.1339
95.1613
57.4803
100
83.4646
91.3979
95.2756
73.1183
96.063
48.9247
97.6378
25.2688
0
9.32643
8.53659
26.4249
20.122
46.6321
32.9268
68.9119
43.9024
84.9741
51.2195
97.9275
58.5366
88.601
68.9024
65.8031
80.4878
38.8601
92.0732
15.544
0
2.7972
8.91473
31.4685
15.5039
61.5385
24.031
88.1119
30.6202
64.3357
39.9225
30.7692
47.2868
30.0699
58.5271
81.8182
68.2171
89.5105
86.4341
28.6713
7.82609
0.961538
35.6522
0
64.3478
0
93.0435
0
87.8261
11.5385
65.2174
35.5769
38.2609
62.5
11.3043
88.4615
7.82609
100
54.7826
100